/* Generated by 2016 ReVoL SYNAX */
/* 25-04-2020 23:07:44 */

/* Rule Length */
int RLEN[] = {0,3,2,3,2,5,4,2,1,3,2,1,1,1,3,2,1,1,1,4,4,5,6,2,1,3,3,3,3,1,3,3,1,3,1,3,1,1,3,3,1,2,2,1,1,1,1,3};

/* Rule Symbol */
sttype RSYM[] = {TOK_EOT,SYM_M,SYM_M,SYM_DS,SYM_DS,SYM_DL,SYM_DL,SYM_DL_,SYM_DL_,SYM_IL,SYM_IL,SYM_TY,SYM_TY,SYM_TY,SYM_B,SYM_SS,SYM_SS,SYM_S,SYM_S,SYM_S,SYM_S,SYM_S,SYM_S,SYM_SI,SYM_E,SYM_E,SYM_E,SYM_E,SYM_E,SYM_R,SYM_R,SYM_R,SYM_A,SYM_LOR,SYM_LOR,SYM_LAND,SYM_LAND,SYM_T,SYM_T,SYM_T,SYM_U,SYM_U,SYM_U,SYM_P,SYM_P,SYM_P,SYM_P,SYM_P};

#define ACC 88 /* ACCEPT CODE  */

#define START SYM_M /* START SYMBOL */

#define MAX_DFA_STATE 87 /* LAST DFA STATE */

/* Syntax Table SYNTA (SLR-analysis) */
stack_t SYNTA[88][51] = {
/*       EOT   [.] [var]  [id]   [:]   [;]   [,] [real [inte [stri [begi [end]  [:=] [prin   [(]   [)]  [if] [then [else   [<]   [>]   [=]  [<>]   [+]   [-]  [or] [and]   [*]   [/] [not]  [I4]  [R8] [QUOT   <M>  <DS>   <B>  <DL> <DL.>  <IL>  <TY>  <SS>   <S>   <E>  <SI>   <R>   <A> <LOR> <LAND   <T>   <U>   <P> */
/*         0     1     2     3     4     5     6     7     8     9    10    11    12    13    14    15    16    17    18    19    20    21    22    23    24    25    26    27    28    29    30    31    32    33    34    35    36    37    38    39    40    41    42    43    44    45    46    47    48    49    50 */
/*00*/{    0,    0,    4,    0,    0,    0,    0,    0,    0,    0,    5,    0,    0,    0,    0,    0,    0,    0,    0,    0,    0,    0,    0,    0,    0,    0,    0,    0,    0,    0,    0,    0,    0,    1,    2,    3,    0,    0,    0,    0,    0,    0,    0,    0,    0,    0,    0,    0,    0,    0,    0 },
/*01*/{  ACC,    0,    0,    0,    0,    0,    0,    0,    0,    0,    0,    0,    0,    0,    0,    0,    0,    0,    0,    0,    0,    0,    0,    0,    0,    0,    0,    0,    0,    0,    0,    0,    0,    0,    0,    0,    0,    0,    0,    0,    0,    0,    0,    0,    0,    0,    0,    0,    0,    0,    0 },
/*02*/{    0,    0,    0,    0,    0,    0,    0,    0,    0,    0,    5,    0,    0,    0,    0,    0,    0,    0,    0,    0,    0,    0,    0,    0,    0,    0,    0,    0,    0,    0,    0,    0,    0,    0,    0,    6,    0,    0,    0,    0,    0,    0,    0,    0,    0,    0,    0,    0,    0,    0,    0 },
/*03*/{    0,    7,    0,    0,    0,    0,    0,    0,    0,    0,    0,    0,    0,    0,    0,    0,    0,    0,    0,    0,    0,    0,    0,    0,    0,    0,    0,    0,    0,    0,    0,    0,    0,    0,    0,    0,    0,    0,    0,    0,    0,    0,    0,    0,    0,    0,    0,    0,    0,    0,    0 },
/*04*/{    0,    0,    0,    9,    0,    0,    0,    0,    0,    0,    0,    0,    0,    0,    0,    0,    0,    0,    0,    0,    0,    0,    0,    0,    0,    0,    0,    0,    0,    0,    0,    0,    0,    0,    0,    0,    8,    0,    0,    0,    0,    0,    0,    0,    0,    0,    0,    0,    0,    0,    0 },
/*05*/{    0,    0,    0,   14,    0,   12,    0,    0,    0,    0,    5,    0,    0,   15,    0,    0,   16,    0,    0,    0,    0,    0,    0,    0,    0,    0,    0,    0,    0,    0,    0,    0,    0,    0,    0,   13,    0,    0,    0,    0,   10,   11,    0,    0,    0,    0,    0,    0,    0,    0,    0 },
/*06*/{    0,   17,    0,    0,    0,    0,    0,    0,    0,    0,    0,    0,    0,    0,    0,    0,    0,    0,    0,    0,    0,    0,    0,    0,    0,    0,    0,    0,    0,    0,    0,    0,    0,    0,    0,    0,    0,    0,    0,    0,    0,    0,    0,    0,    0,    0,    0,    0,    0,    0,    0 },
/*07*/{   -2,    0,    0,    0,    0,    0,    0,    0,    0,    0,    0,    0,    0,    0,    0,    0,    0,    0,    0,    0,    0,    0,    0,    0,    0,    0,    0,    0,    0,    0,    0,    0,    0,    0,    0,    0,    0,    0,    0,    0,    0,    0,    0,    0,    0,    0,    0,    0,    0,    0,    0 },
/*08*/{    0,    0,    0,    9,    0,    0,    0,    0,    0,    0,   -4,    0,    0,    0,    0,    0,    0,    0,    0,    0,    0,    0,    0,    0,    0,    0,    0,    0,    0,    0,    0,    0,    0,    0,    0,    0,   19,   18,    0,    0,    0,    0,    0,    0,    0,    0,    0,    0,    0,    0,    0 },
/*09*/{    0,    0,    0,    0,   21,    0,   22,    0,    0,    0,    0,    0,    0,    0,    0,    0,    0,    0,    0,    0,    0,    0,    0,    0,    0,    0,    0,    0,    0,    0,    0,    0,    0,    0,    0,    0,    0,    0,   20,    0,    0,    0,    0,    0,    0,    0,    0,    0,    0,    0,    0 },
/*10*/{    0,    0,    0,    0,    0,    0,    0,    0,    0,    0,    0,   23,    0,    0,    0,    0,    0,    0,    0,    0,    0,    0,    0,    0,    0,    0,    0,    0,    0,    0,    0,    0,    0,    0,    0,    0,    0,    0,    0,    0,    0,    0,    0,    0,    0,    0,    0,    0,    0,    0,    0 },
/*11*/{    0,    0,    0,   14,    0,   12,    0,    0,    0,    0,    5,  -16,    0,   15,    0,    0,   16,    0,    0,    0,    0,    0,    0,    0,    0,    0,    0,    0,    0,    0,    0,    0,    0,    0,    0,   13,    0,    0,    0,    0,   24,   11,    0,    0,    0,    0,    0,    0,    0,    0,    0 },
/*12*/{    0,    0,    0,  -17,    0,  -17,    0,    0,    0,    0,  -17,  -17,    0,  -17,    0,    0,  -17,    0,    0,    0,    0,    0,    0,    0,    0,    0,    0,    0,    0,    0,    0,    0,    0,    0,    0,    0,    0,    0,    0,    0,    0,    0,    0,    0,    0,    0,    0,    0,    0,    0,    0 },
/*13*/{    0,    0,    0,  -18,    0,  -18,    0,    0,    0,    0,  -18,  -18,    0,  -18,    0,    0,  -18,    0,    0,    0,    0,    0,    0,    0,    0,    0,    0,    0,    0,    0,    0,    0,    0,    0,    0,    0,    0,    0,    0,    0,    0,    0,    0,    0,    0,    0,    0,    0,    0,    0,    0 },
/*14*/{    0,    0,    0,    0,    0,    0,    0,    0,    0,    0,    0,    0,   25,    0,    0,    0,    0,    0,    0,    0,    0,    0,    0,    0,    0,    0,    0,    0,    0,    0,    0,    0,    0,    0,    0,    0,    0,    0,    0,    0,    0,    0,    0,    0,    0,    0,    0,    0,    0,    0,    0 },
/*15*/{    0,    0,    0,    0,    0,    0,    0,    0,    0,    0,    0,    0,    0,    0,   26,    0,    0,    0,    0,    0,    0,    0,    0,    0,    0,    0,    0,    0,    0,    0,    0,    0,    0,    0,    0,    0,    0,    0,    0,    0,    0,    0,    0,    0,    0,    0,    0,    0,    0,    0,    0 },
/*16*/{    0,    0,    0,   40,    0,    0,    0,    0,    0,    0,    0,    0,    0,    0,   41,    0,    0,    0,    0,    0,    0,    0,    0,    0,   35,    0,    0,    0,    0,   36,   37,   38,   39,    0,    0,    0,    0,    0,    0,    0,    0,    0,   27,    0,   28,   29,   30,   31,   32,   33,   34 },
/*17*/{   -1,    0,    0,    0,    0,    0,    0,    0,    0,    0,    0,    0,    0,    0,    0,    0,    0,    0,    0,    0,    0,    0,    0,    0,    0,    0,    0,    0,    0,    0,    0,    0,    0,    0,    0,    0,    0,    0,    0,    0,    0,    0,    0,    0,    0,    0,    0,    0,    0,    0,    0 },
/*18*/{    0,    0,    0,    0,    0,    0,    0,    0,    0,    0,   -3,    0,    0,    0,    0,    0,    0,    0,    0,    0,    0,    0,    0,    0,    0,    0,    0,    0,    0,    0,    0,    0,    0,    0,    0,    0,    0,    0,    0,    0,    0,    0,    0,    0,    0,    0,    0,    0,    0,    0,    0 },
/*19*/{    0,    0,    0,    9,    0,    0,    0,    0,    0,    0,   -8,    0,    0,    0,    0,    0,    0,    0,    0,    0,    0,    0,    0,    0,    0,    0,    0,    0,    0,    0,    0,    0,    0,    0,    0,    0,   19,   42,    0,    0,    0,    0,    0,    0,    0,    0,    0,    0,    0,    0,    0 },
/*20*/{    0,    0,    0,    0,   43,    0,    0,    0,    0,    0,    0,    0,    0,    0,    0,    0,    0,    0,    0,    0,    0,    0,    0,    0,    0,    0,    0,    0,    0,    0,    0,    0,    0,    0,    0,    0,    0,    0,    0,    0,    0,    0,    0,    0,    0,    0,    0,    0,    0,    0,    0 },
/*21*/{    0,    0,    0,    0,    0,    0,    0,   45,   46,   47,    0,    0,    0,    0,    0,    0,    0,    0,    0,    0,    0,    0,    0,    0,    0,    0,    0,    0,    0,    0,    0,    0,    0,    0,    0,    0,    0,    0,    0,   44,    0,    0,    0,    0,    0,    0,    0,    0,    0,    0,    0 },
/*22*/{    0,    0,    0,   48,    0,    0,    0,    0,    0,    0,    0,    0,    0,    0,    0,    0,    0,    0,    0,    0,    0,    0,    0,    0,    0,    0,    0,    0,    0,    0,    0,    0,    0,    0,    0,    0,    0,    0,    0,    0,    0,    0,    0,    0,    0,    0,    0,    0,    0,    0,    0 },
/*23*/{    0,  -14,    0,  -14,    0,  -14,    0,    0,    0,    0,  -14,  -14,    0,  -14,    0,    0,  -14,    0,  -14,    0,    0,    0,    0,    0,    0,    0,    0,    0,    0,    0,    0,    0,    0,    0,    0,    0,    0,    0,    0,    0,    0,    0,    0,    0,    0,    0,    0,    0,    0,    0,    0 },
/*24*/{    0,    0,    0,    0,    0,    0,    0,    0,    0,    0,    0,  -15,    0,    0,    0,    0,    0,    0,    0,    0,    0,    0,    0,    0,    0,    0,    0,    0,    0,    0,    0,    0,    0,    0,    0,    0,    0,    0,    0,    0,    0,    0,    0,    0,    0,    0,    0,    0,    0,    0,    0 },
/*25*/{    0,    0,    0,   40,    0,    0,    0,    0,    0,    0,    0,    0,    0,    0,   41,    0,    0,    0,    0,    0,    0,    0,    0,    0,   35,    0,    0,    0,    0,   36,   37,   38,   39,    0,    0,    0,    0,    0,    0,    0,    0,    0,   49,    0,   28,   29,   30,   31,   32,   33,   34 },
/*26*/{    0,    0,    0,   40,    0,    0,    0,    0,    0,    0,    0,    0,    0,    0,   41,    0,    0,    0,    0,    0,    0,    0,    0,    0,   35,    0,    0,    0,    0,   36,   37,   38,   39,    0,    0,    0,    0,    0,    0,    0,    0,    0,   50,    0,   28,   29,   30,   31,   32,   33,   34 },
/*27*/{    0,    0,    0,    0,    0,    0,    0,    0,    0,    0,    0,    0,    0,    0,    0,    0,    0,   51,    0,   52,   53,   54,   55,    0,    0,    0,    0,    0,    0,    0,    0,    0,    0,    0,    0,    0,    0,    0,    0,    0,    0,    0,    0,    0,    0,    0,    0,    0,    0,    0,    0 },
/*28*/{    0,    0,    0,    0,    0,  -24,    0,    0,    0,    0,    0,    0,    0,    0,    0,  -24,    0,  -24,    0,  -24,  -24,  -24,  -24,   56,   57,    0,    0,    0,    0,    0,    0,    0,    0,    0,    0,    0,    0,    0,    0,    0,    0,    0,    0,    0,    0,    0,    0,    0,    0,    0,    0 },
/*29*/{    0,    0,    0,    0,    0,  -29,    0,    0,    0,    0,    0,    0,    0,    0,    0,  -29,    0,  -29,    0,  -29,  -29,  -29,  -29,  -29,  -29,    0,    0,    0,    0,    0,    0,    0,    0,    0,    0,    0,    0,    0,    0,    0,    0,    0,    0,    0,    0,    0,    0,    0,    0,    0,    0 },
/*30*/{    0,    0,    0,    0,    0,  -32,    0,    0,    0,    0,    0,    0,    0,    0,    0,  -32,    0,  -32,    0,  -32,  -32,  -32,  -32,  -32,  -32,   58,    0,    0,    0,    0,    0,    0,    0,    0,    0,    0,    0,    0,    0,    0,    0,    0,    0,    0,    0,    0,    0,    0,    0,    0,    0 },
/*31*/{    0,    0,    0,    0,    0,  -34,    0,    0,    0,    0,    0,    0,    0,    0,    0,  -34,    0,  -34,    0,  -34,  -34,  -34,  -34,  -34,  -34,  -34,   59,    0,    0,    0,    0,    0,    0,    0,    0,    0,    0,    0,    0,    0,    0,    0,    0,    0,    0,    0,    0,    0,    0,    0,    0 },
/*32*/{    0,    0,    0,    0,    0,  -36,    0,    0,    0,    0,    0,    0,    0,    0,    0,  -36,    0,  -36,    0,  -36,  -36,  -36,  -36,  -36,  -36,  -36,  -36,   60,   61,    0,    0,    0,    0,    0,    0,    0,    0,    0,    0,    0,    0,    0,    0,    0,    0,    0,    0,    0,    0,    0,    0 },
/*33*/{    0,    0,    0,    0,    0,  -37,    0,    0,    0,    0,    0,    0,    0,    0,    0,  -37,    0,  -37,    0,  -37,  -37,  -37,  -37,  -37,  -37,  -37,  -37,  -37,  -37,    0,    0,    0,    0,    0,    0,    0,    0,    0,    0,    0,    0,    0,    0,    0,    0,    0,    0,    0,    0,    0,    0 },
/*34*/{    0,    0,    0,    0,    0,  -40,    0,    0,    0,    0,    0,    0,    0,    0,    0,  -40,    0,  -40,    0,  -40,  -40,  -40,  -40,  -40,  -40,  -40,  -40,  -40,  -40,    0,    0,    0,    0,    0,    0,    0,    0,    0,    0,    0,    0,    0,    0,    0,    0,    0,    0,    0,    0,    0,    0 },
/*35*/{    0,    0,    0,   40,    0,    0,    0,    0,    0,    0,    0,    0,    0,    0,   41,    0,    0,    0,    0,    0,    0,    0,    0,    0,    0,    0,    0,    0,    0,    0,   37,   38,   39,    0,    0,    0,    0,    0,    0,    0,    0,    0,    0,    0,    0,    0,    0,    0,    0,    0,   62 },
/*36*/{    0,    0,    0,   40,    0,    0,    0,    0,    0,    0,    0,    0,    0,    0,   41,    0,    0,    0,    0,    0,    0,    0,    0,    0,    0,    0,    0,    0,    0,    0,   37,   38,   39,    0,    0,    0,    0,    0,    0,    0,    0,    0,    0,    0,    0,    0,    0,    0,    0,    0,   63 },
/*37*/{    0,    0,    0,    0,    0,  -43,    0,    0,    0,    0,    0,    0,    0,    0,    0,  -43,    0,  -43,    0,  -43,  -43,  -43,  -43,  -43,  -43,  -43,  -43,  -43,  -43,    0,    0,    0,    0,    0,    0,    0,    0,    0,    0,    0,    0,    0,    0,    0,    0,    0,    0,    0,    0,    0,    0 },
/*38*/{    0,    0,    0,    0,    0,  -44,    0,    0,    0,    0,    0,    0,    0,    0,    0,  -44,    0,  -44,    0,  -44,  -44,  -44,  -44,  -44,  -44,  -44,  -44,  -44,  -44,    0,    0,    0,    0,    0,    0,    0,    0,    0,    0,    0,    0,    0,    0,    0,    0,    0,    0,    0,    0,    0,    0 },
/*39*/{    0,    0,    0,    0,    0,  -45,    0,    0,    0,    0,    0,    0,    0,    0,    0,  -45,    0,  -45,    0,  -45,  -45,  -45,  -45,  -45,  -45,  -45,  -45,  -45,  -45,    0,    0,    0,    0,    0,    0,    0,    0,    0,    0,    0,    0,    0,    0,    0,    0,    0,    0,    0,    0,    0,    0 },
/*40*/{    0,    0,    0,    0,    0,  -46,    0,    0,    0,    0,    0,    0,    0,    0,    0,  -46,    0,  -46,    0,  -46,  -46,  -46,  -46,  -46,  -46,  -46,  -46,  -46,  -46,    0,    0,    0,    0,    0,    0,    0,    0,    0,    0,    0,    0,    0,    0,    0,    0,    0,    0,    0,    0,    0,    0 },
/*41*/{    0,    0,    0,   40,    0,    0,    0,    0,    0,    0,    0,    0,    0,    0,   41,    0,    0,    0,    0,    0,    0,    0,    0,    0,   35,    0,    0,    0,    0,   36,   37,   38,   39,    0,    0,    0,    0,    0,    0,    0,    0,    0,   64,    0,   28,   29,   30,   31,   32,   33,   34 },
/*42*/{    0,    0,    0,    0,    0,    0,    0,    0,    0,    0,   -7,    0,    0,    0,    0,    0,    0,    0,    0,    0,    0,    0,    0,    0,    0,    0,    0,    0,    0,    0,    0,    0,    0,    0,    0,    0,    0,    0,    0,    0,    0,    0,    0,    0,    0,    0,    0,    0,    0,    0,    0 },
/*43*/{    0,    0,    0,    0,    0,    0,    0,   45,   46,   47,    0,    0,    0,    0,    0,    0,    0,    0,    0,    0,    0,    0,    0,    0,    0,    0,    0,    0,    0,    0,    0,    0,    0,    0,    0,    0,    0,    0,    0,   65,    0,    0,    0,    0,    0,    0,    0,    0,    0,    0,    0 },
/*44*/{    0,    0,    0,    0,    0,   66,    0,    0,    0,    0,    0,    0,    0,    0,    0,    0,    0,    0,    0,    0,    0,    0,    0,    0,    0,    0,    0,    0,    0,    0,    0,    0,    0,    0,    0,    0,    0,    0,    0,    0,    0,    0,    0,    0,    0,    0,    0,    0,    0,    0,    0 },
/*45*/{    0,    0,    0,    0,    0,  -11,    0,    0,    0,    0,    0,    0,    0,    0,    0,    0,    0,    0,    0,    0,    0,    0,    0,    0,    0,    0,    0,    0,    0,    0,    0,    0,    0,    0,    0,    0,    0,    0,    0,    0,    0,    0,    0,    0,    0,    0,    0,    0,    0,    0,    0 },
/*46*/{    0,    0,    0,    0,    0,  -12,    0,    0,    0,    0,    0,    0,    0,    0,    0,    0,    0,    0,    0,    0,    0,    0,    0,    0,    0,    0,    0,    0,    0,    0,    0,    0,    0,    0,    0,    0,    0,    0,    0,    0,    0,    0,    0,    0,    0,    0,    0,    0,    0,    0,    0 },
/*47*/{    0,    0,    0,    0,    0,  -13,    0,    0,    0,    0,    0,    0,    0,    0,    0,    0,    0,    0,    0,    0,    0,    0,    0,    0,    0,    0,    0,    0,    0,    0,    0,    0,    0,    0,    0,    0,    0,    0,    0,    0,    0,    0,    0,    0,    0,    0,    0,    0,    0,    0,    0 },
/*48*/{    0,    0,    0,    0,  -10,    0,   22,    0,    0,    0,    0,    0,    0,    0,    0,    0,    0,    0,    0,    0,    0,    0,    0,    0,    0,    0,    0,    0,    0,    0,    0,    0,    0,    0,    0,    0,    0,    0,   67,    0,    0,    0,    0,    0,    0,    0,    0,    0,    0,    0,    0 },
/*49*/{    0,    0,    0,    0,    0,   68,    0,    0,    0,    0,    0,    0,    0,    0,    0,    0,    0,    0,    0,   52,   53,   54,   55,    0,    0,    0,    0,    0,    0,    0,    0,    0,    0,    0,    0,    0,    0,    0,    0,    0,    0,    0,    0,    0,    0,    0,    0,    0,    0,    0,    0 },
/*50*/{    0,    0,    0,    0,    0,    0,    0,    0,    0,    0,    0,    0,    0,    0,    0,   69,    0,    0,    0,   52,   53,   54,   55,    0,    0,    0,    0,    0,    0,    0,    0,    0,    0,    0,    0,    0,    0,    0,    0,    0,    0,    0,    0,    0,    0,    0,    0,    0,    0,    0,    0 },
/*51*/{    0,    0,    0,    0,    0,    0,    0,    0,    0,    0,    5,    0,    0,    0,    0,    0,    0,    0,    0,    0,    0,    0,    0,    0,    0,    0,    0,    0,    0,    0,    0,    0,    0,    0,    0,   70,    0,    0,    0,    0,    0,    0,    0,    0,    0,    0,    0,    0,    0,    0,    0 },
/*52*/{    0,    0,    0,   40,    0,    0,    0,    0,    0,    0,    0,    0,    0,    0,   41,    0,    0,    0,    0,    0,    0,    0,    0,    0,   35,    0,    0,    0,    0,   36,   37,   38,   39,    0,    0,    0,    0,    0,    0,    0,    0,    0,    0,    0,   71,   29,   30,   31,   32,   33,   34 },
/*53*/{    0,    0,    0,   40,    0,    0,    0,    0,    0,    0,    0,    0,    0,    0,   41,    0,    0,    0,    0,    0,    0,    0,    0,    0,   35,    0,    0,    0,    0,   36,   37,   38,   39,    0,    0,    0,    0,    0,    0,    0,    0,    0,    0,    0,   72,   29,   30,   31,   32,   33,   34 },
/*54*/{    0,    0,    0,   40,    0,    0,    0,    0,    0,    0,    0,    0,    0,    0,   41,    0,    0,    0,    0,    0,    0,    0,    0,    0,   35,    0,    0,    0,    0,   36,   37,   38,   39,    0,    0,    0,    0,    0,    0,    0,    0,    0,    0,    0,   73,   29,   30,   31,   32,   33,   34 },
/*55*/{    0,    0,    0,   40,    0,    0,    0,    0,    0,    0,    0,    0,    0,    0,   41,    0,    0,    0,    0,    0,    0,    0,    0,    0,   35,    0,    0,    0,    0,   36,   37,   38,   39,    0,    0,    0,    0,    0,    0,    0,    0,    0,    0,    0,   74,   29,   30,   31,   32,   33,   34 },
/*56*/{    0,    0,    0,   40,    0,    0,    0,    0,    0,    0,    0,    0,    0,    0,   41,    0,    0,    0,    0,    0,    0,    0,    0,    0,   35,    0,    0,    0,    0,   36,   37,   38,   39,    0,    0,    0,    0,    0,    0,    0,    0,    0,    0,    0,    0,   75,   30,   31,   32,   33,   34 },
/*57*/{    0,    0,    0,   40,    0,    0,    0,    0,    0,    0,    0,    0,    0,    0,   41,    0,    0,    0,    0,    0,    0,    0,    0,    0,   35,    0,    0,    0,    0,   36,   37,   38,   39,    0,    0,    0,    0,    0,    0,    0,    0,    0,    0,    0,    0,   76,   30,   31,   32,   33,   34 },
/*58*/{    0,    0,    0,   40,    0,    0,    0,    0,    0,    0,    0,    0,    0,    0,   41,    0,    0,    0,    0,    0,    0,    0,    0,    0,   35,    0,    0,    0,    0,   36,   37,   38,   39,    0,    0,    0,    0,    0,    0,    0,    0,    0,    0,    0,    0,    0,    0,   77,   32,   33,   34 },
/*59*/{    0,    0,    0,   40,    0,    0,    0,    0,    0,    0,    0,    0,    0,    0,   41,    0,    0,    0,    0,    0,    0,    0,    0,    0,   35,    0,    0,    0,    0,   36,   37,   38,   39,    0,    0,    0,    0,    0,    0,    0,    0,    0,    0,    0,    0,    0,    0,    0,   78,   33,   34 },
/*60*/{    0,    0,    0,   40,    0,    0,    0,    0,    0,    0,    0,    0,    0,    0,   41,    0,    0,    0,    0,    0,    0,    0,    0,    0,   35,    0,    0,    0,    0,   36,   37,   38,   39,    0,    0,    0,    0,    0,    0,    0,    0,    0,    0,    0,    0,    0,    0,    0,    0,   79,   34 },
/*61*/{    0,    0,    0,   40,    0,    0,    0,    0,    0,    0,    0,    0,    0,    0,   41,    0,    0,    0,    0,    0,    0,    0,    0,    0,   35,    0,    0,    0,    0,   36,   37,   38,   39,    0,    0,    0,    0,    0,    0,    0,    0,    0,    0,    0,    0,    0,    0,    0,    0,   80,   34 },
/*62*/{    0,    0,    0,    0,    0,  -41,    0,    0,    0,    0,    0,    0,    0,    0,    0,  -41,    0,  -41,    0,  -41,  -41,  -41,  -41,  -41,  -41,  -41,  -41,  -41,  -41,    0,    0,    0,    0,    0,    0,    0,    0,    0,    0,    0,    0,    0,    0,    0,    0,    0,    0,    0,    0,    0,    0 },
/*63*/{    0,    0,    0,    0,    0,  -42,    0,    0,    0,    0,    0,    0,    0,    0,    0,  -42,    0,  -42,    0,  -42,  -42,  -42,  -42,  -42,  -42,  -42,  -42,  -42,  -42,    0,    0,    0,    0,    0,    0,    0,    0,    0,    0,    0,    0,    0,    0,    0,    0,    0,    0,    0,    0,    0,    0 },
/*64*/{    0,    0,    0,    0,    0,    0,    0,    0,    0,    0,    0,    0,    0,    0,    0,   81,    0,    0,    0,   52,   53,   54,   55,    0,    0,    0,    0,    0,    0,    0,    0,    0,    0,    0,    0,    0,    0,    0,    0,    0,    0,    0,    0,    0,    0,    0,    0,    0,    0,    0,    0 },
/*65*/{    0,    0,    0,    0,    0,   82,    0,    0,    0,    0,    0,    0,    0,    0,    0,    0,    0,    0,    0,    0,    0,    0,    0,    0,    0,    0,    0,    0,    0,    0,    0,    0,    0,    0,    0,    0,    0,    0,    0,    0,    0,    0,    0,    0,    0,    0,    0,    0,    0,    0,    0 },
/*66*/{    0,    0,    0,   -6,    0,    0,    0,    0,    0,    0,   -6,    0,    0,    0,    0,    0,    0,    0,    0,    0,    0,    0,    0,    0,    0,    0,    0,    0,    0,    0,    0,    0,    0,    0,    0,    0,    0,    0,    0,    0,    0,    0,    0,    0,    0,    0,    0,    0,    0,    0,    0 },
/*67*/{    0,    0,    0,    0,   -9,    0,    0,    0,    0,    0,    0,    0,    0,    0,    0,    0,    0,    0,    0,    0,    0,    0,    0,    0,    0,    0,    0,    0,    0,    0,    0,    0,    0,    0,    0,    0,    0,    0,    0,    0,    0,    0,    0,    0,    0,    0,    0,    0,    0,    0,    0 },
/*68*/{    0,    0,    0,  -19,    0,  -19,    0,    0,    0,    0,  -19,  -19,    0,  -19,    0,    0,  -19,    0,    0,    0,    0,    0,    0,    0,    0,    0,    0,    0,    0,    0,    0,    0,    0,    0,    0,    0,    0,    0,    0,    0,    0,    0,    0,    0,    0,    0,    0,    0,    0,    0,    0 },
/*69*/{    0,    0,    0,  -20,    0,  -20,    0,    0,    0,    0,  -20,  -20,    0,  -20,    0,    0,  -20,    0,    0,    0,    0,    0,    0,    0,    0,    0,    0,    0,    0,    0,    0,    0,    0,    0,    0,    0,    0,    0,    0,    0,    0,    0,    0,    0,    0,    0,    0,    0,    0,    0,    0 },
/*70*/{    0,    0,    0,    0,    0,   83,    0,    0,    0,    0,    0,    0,    0,    0,    0,    0,    0,    0,   85,    0,    0,    0,    0,    0,    0,    0,    0,    0,    0,    0,    0,    0,    0,    0,    0,    0,    0,    0,    0,    0,    0,    0,    0,   84,    0,    0,    0,    0,    0,    0,    0 },
/*71*/{    0,    0,    0,    0,    0,  -25,    0,    0,    0,    0,    0,    0,    0,    0,    0,  -25,    0,  -25,    0,  -25,  -25,  -25,  -25,   56,   57,    0,    0,    0,    0,    0,    0,    0,    0,    0,    0,    0,    0,    0,    0,    0,    0,    0,    0,    0,    0,    0,    0,    0,    0,    0,    0 },
/*72*/{    0,    0,    0,    0,    0,  -26,    0,    0,    0,    0,    0,    0,    0,    0,    0,  -26,    0,  -26,    0,  -26,  -26,  -26,  -26,   56,   57,    0,    0,    0,    0,    0,    0,    0,    0,    0,    0,    0,    0,    0,    0,    0,    0,    0,    0,    0,    0,    0,    0,    0,    0,    0,    0 },
/*73*/{    0,    0,    0,    0,    0,  -27,    0,    0,    0,    0,    0,    0,    0,    0,    0,  -27,    0,  -27,    0,  -27,  -27,  -27,  -27,   56,   57,    0,    0,    0,    0,    0,    0,    0,    0,    0,    0,    0,    0,    0,    0,    0,    0,    0,    0,    0,    0,    0,    0,    0,    0,    0,    0 },
/*74*/{    0,    0,    0,    0,    0,  -28,    0,    0,    0,    0,    0,    0,    0,    0,    0,  -28,    0,  -28,    0,  -28,  -28,  -28,  -28,   56,   57,    0,    0,    0,    0,    0,    0,    0,    0,    0,    0,    0,    0,    0,    0,    0,    0,    0,    0,    0,    0,    0,    0,    0,    0,    0,    0 },
/*75*/{    0,    0,    0,    0,    0,  -30,    0,    0,    0,    0,    0,    0,    0,    0,    0,  -30,    0,  -30,    0,  -30,  -30,  -30,  -30,  -30,  -30,    0,    0,    0,    0,    0,    0,    0,    0,    0,    0,    0,    0,    0,    0,    0,    0,    0,    0,    0,    0,    0,    0,    0,    0,    0,    0 },
/*76*/{    0,    0,    0,    0,    0,  -31,    0,    0,    0,    0,    0,    0,    0,    0,    0,  -31,    0,  -31,    0,  -31,  -31,  -31,  -31,  -31,  -31,    0,    0,    0,    0,    0,    0,    0,    0,    0,    0,    0,    0,    0,    0,    0,    0,    0,    0,    0,    0,    0,    0,    0,    0,    0,    0 },
/*77*/{    0,    0,    0,    0,    0,  -33,    0,    0,    0,    0,    0,    0,    0,    0,    0,  -33,    0,  -33,    0,  -33,  -33,  -33,  -33,  -33,  -33,  -33,   59,    0,    0,    0,    0,    0,    0,    0,    0,    0,    0,    0,    0,    0,    0,    0,    0,    0,    0,    0,    0,    0,    0,    0,    0 },
/*78*/{    0,    0,    0,    0,    0,  -35,    0,    0,    0,    0,    0,    0,    0,    0,    0,  -35,    0,  -35,    0,  -35,  -35,  -35,  -35,  -35,  -35,  -35,  -35,   60,   61,    0,    0,    0,    0,    0,    0,    0,    0,    0,    0,    0,    0,    0,    0,    0,    0,    0,    0,    0,    0,    0,    0 },
/*79*/{    0,    0,    0,    0,    0,  -38,    0,    0,    0,    0,    0,    0,    0,    0,    0,  -38,    0,  -38,    0,  -38,  -38,  -38,  -38,  -38,  -38,  -38,  -38,  -38,  -38,    0,    0,    0,    0,    0,    0,    0,    0,    0,    0,    0,    0,    0,    0,    0,    0,    0,    0,    0,    0,    0,    0 },
/*80*/{    0,    0,    0,    0,    0,  -39,    0,    0,    0,    0,    0,    0,    0,    0,    0,  -39,    0,  -39,    0,  -39,  -39,  -39,  -39,  -39,  -39,  -39,  -39,  -39,  -39,    0,    0,    0,    0,    0,    0,    0,    0,    0,    0,    0,    0,    0,    0,    0,    0,    0,    0,    0,    0,    0,    0 },
/*81*/{    0,    0,    0,    0,    0,  -47,    0,    0,    0,    0,    0,    0,    0,    0,    0,  -47,    0,  -47,    0,  -47,  -47,  -47,  -47,  -47,  -47,  -47,  -47,  -47,  -47,    0,    0,    0,    0,    0,    0,    0,    0,    0,    0,    0,    0,    0,    0,    0,    0,    0,    0,    0,    0,    0,    0 },
/*82*/{    0,    0,    0,   -5,    0,    0,    0,    0,    0,    0,   -5,    0,    0,    0,    0,    0,    0,    0,    0,    0,    0,    0,    0,    0,    0,    0,    0,    0,    0,    0,    0,    0,    0,    0,    0,    0,    0,    0,    0,    0,    0,    0,    0,    0,    0,    0,    0,    0,    0,    0,    0 },
/*83*/{    0,    0,    0,  -21,    0,  -21,    0,    0,    0,    0,  -21,  -21,    0,  -21,    0,    0,  -21,    0,    0,    0,    0,    0,    0,    0,    0,    0,    0,    0,    0,    0,    0,    0,    0,    0,    0,    0,    0,    0,    0,    0,    0,    0,    0,    0,    0,    0,    0,    0,    0,    0,    0 },
/*84*/{    0,    0,    0,    0,    0,   86,    0,    0,    0,    0,    0,    0,    0,    0,    0,    0,    0,    0,    0,    0,    0,    0,    0,    0,    0,    0,    0,    0,    0,    0,    0,    0,    0,    0,    0,    0,    0,    0,    0,    0,    0,    0,    0,    0,    0,    0,    0,    0,    0,    0,    0 },
/*85*/{    0,    0,    0,    0,    0,    0,    0,    0,    0,    0,    5,    0,    0,    0,    0,    0,    0,    0,    0,    0,    0,    0,    0,    0,    0,    0,    0,    0,    0,    0,    0,    0,    0,    0,    0,   87,    0,    0,    0,    0,    0,    0,    0,    0,    0,    0,    0,    0,    0,    0,    0 },
/*86*/{    0,    0,    0,  -22,    0,  -22,    0,    0,    0,    0,  -22,  -22,    0,  -22,    0,    0,  -22,    0,    0,    0,    0,    0,    0,    0,    0,    0,    0,    0,    0,    0,    0,    0,    0,    0,    0,    0,    0,    0,    0,    0,    0,    0,    0,    0,    0,    0,    0,    0,    0,    0,    0 },
/*87*/{    0,    0,    0,    0,    0,  -23,    0,    0,    0,    0,    0,    0,    0,    0,    0,    0,    0,    0,    0,    0,    0,    0,    0,    0,    0,    0,    0,    0,    0,    0,    0,    0,    0,    0,    0,    0,    0,    0,    0,    0,    0,    0,    0,    0,    0,    0,    0,    0,    0,    0,    0 }
};

